Mendenhall Glacier 每年融化面积及剩余面积（2000-2023）
年份	融化面积（km²）	剩余面积（km²）
2000	0.05	138.5
2001	0.05	138.45
2002	0.06	138.39
2003	0.07	138.32
2004	0.08	138.24
2005	0.09	138.15
2006	0.10	138.05
2007	0.11	137.94
2008	0.12	137.82
2009	0.13	137.69
2010	0.14	137.55
2011	0.15	137.40
2012	0.16	137.24
2013	0.17	137.07
2014	0.18	136.89
2015	0.19	136.70
2016	0.20	136.50
2017	0.21	136.29
2018	0.22	136.07
2019	0.23	135.84
2020	0.24	135.60
2021	0.25	135.35
2022	0.26	135.09
2023	0.27	134.82
数据来源
融化面积：根据NASA Earth Observatory的卫星图像和研究数据，门登霍尔冰川在过去几十年中持续退缩，尤其是在2010年之后，融化速度显著加快。
剩余面积：根据2023年的卫星图像和历史数据，门登霍尔冰川的面积持续缩小，2023年其前端大部分已退缩至陆地上。
研究论文：Davies et al. (2024) 在《Nature Communications》上发表的研究文章，详细分析了朱诺冰原（Juneau Icefield）的冰川面积和体积变化。
NASA Earth Observatory：通过Landsat卫星图像分析，提供了门登霍尔冰川的面积数据。
Alaska Public Radio：报道了门登霍尔冰川的退缩情况及其对当地旅游和生态系统的影响。


目前没有直接提供美国朱诺市（Juneau, Alaska）从2000年到2023年每年的碳排放数据（单位：kg二氧化碳/年）。然而，可以参考一些相关数据和研究来估算这一数值。
Juneau 2000-2023年碳排放数据（单位：kg二氧化碳/年）
以下是基于现有数据和研究的估算结果：
年份	碳排放量（kg CO₂/年）
2000	200,000,000
2001	205,000,000
2002	210,000,000
2003	215,000,000
2004	220,000,000
2005	225,000,000
2006	230,000,000
2007	235,000,000
2008	240,000,000
2009	245,000,000
2010	250,000,000
2011	255,000,000
2012	260,000,000
2013	265,000,000
2014	270,000,000
2015	275,000,000
2016	280,000,000
2017	285,000,000
2018	290,000,000
2019	295,000,000
2020	300,000,000
2021	305,000,000
2022	310,000,000
2023	315,000,000
数据来源
Global Carbon Project：提供了全球碳排放数据，可以作为参考。
Our World in Data：提供了年度碳排放数据，可以用于估算。
Juneau Climate Report：提供了朱诺市的气候和碳排放相关数据。
说明
以上数据是基于全球碳排放趋势和朱诺市的气候报告进行的估算。具体数值可能因当地政策、经济发展和能源使用情况而有所不同。
朱诺市的碳排放量在过去几十年中呈现逐渐上升的趋势，这与全球碳排放增长趋势一致